image_width: 640
image_height: 480
camera_name: camera
camera_matrix:
  rows: 3
  cols: 3
  data: [636.105678, 0.000000, 296.177501, 0.000000, 637.621498, 248.176210, 0.000000, 0.000000, 1.000000]
distortion_model: plumb_bob
distortion_coefficients:
  rows: 1
  cols: 5
  data: [0.079923, -0.216821, 0.001493, -0.005225, 0.000000]
rectification_matrix:
  rows: 3
  cols: 3
  data: [1.000000, 0.000000, 0.000000, 0.000000, 1.000000, 0.000000, 0.000000, 0.000000, 1.000000]
projection_matrix:
  rows: 3
  cols: 4
  data: [638.084839, 0.000000, 292.785796, 0.000000, 0.000000, 642.568176, 248.202445, 0.000000, 0.000000, 0.000000, 1.000000, 0.000000]
